1 0.4640321731567383
2 0.17261314392089844
3 0.17203950881958008
4 0.1770634651184082
5 0.1748964786529541
6 0.16003727912902832
7 0.15946578979492188
8 0.17220139503479004
9 0.20708847045898438
10 0.17569184303283691
11 0.17552971839904785
12 0.17436885833740234
13 0.17531085014343262
14 0.17359042167663574
15 0.17365813255310059
16 0.18826532363891602
17 0.1766355037689209
18 0.17596006393432617
19 0.19221186637878418
20 0.1735248565673828
21 0.16103792190551758
22 0.2081294059753418
23 0.1918351650238037
24 0.17176389694213867
25 0.17595911026000977
26 0.17655205726623535
27 0.1745619773864746
28 0.19278192520141602
29 0.1754906177520752
30 0.1681523323059082
31 0.17528271675109863
32 0.1766800880432129
33 0.17679047584533691
34 0.17417502403259277
35 0.2068333625793457
36 0.17354822158813477
37 0.1755068302154541
38 0.17345023155212402
39 0.17389726638793945
40 0.17650127410888672
41 0.17395830154418945
42 0.17329716682434082
43 0.17106151580810547
44 0.173811674118042
45 0.17340373992919922
46 0.1740739345550537
47 0.1760084629058838
48 0.21884393692016602
49 0.16103720664978027
50 0.15903615951538086
51 0.17401409149169922
52 0.17496275901794434
53 0.17559576034545898
54 0.17344093322753906
55 0.17334246635437012
56 0.15903711318969727
57 0.1752316951751709
58 0.17304015159606934
59 0.17019891738891602
60 0.17504143714904785
61 0.20694589614868164
62 0.17476654052734375
63 0.17245936393737793
64 0.17457818984985352
65 0.17517590522766113
66 0.1744518280029297
67 0.17390704154968262
68 0.1600360870361328
69 0.1762385368347168
70 0.17440557479858398
71 0.17183566093444824
72 0.17470073699951172
73 0.17368626594543457
74 0.17530465126037598
75 0.2289893627166748
76 0.1643202304840088
77 0.1909937858581543
78 0.1610264778137207
79 0.17364072799682617
80 0.17401599884033203
81 0.19400525093078613
82 0.16003680229187012
83 0.17441534996032715
84 0.17504072189331055
85 0.1600358486175537
86 0.17534542083740234
