1 0.00800180435180664
2 0.00800180435180664
3 0.008001089096069336
4 0.00800180435180664
5 0.007001638412475586
6 0.00800180435180664
7 0.008000850677490234
8 0.007001638412475586
9 0.008003473281860352
10 0.0070018768310546875
11 0.00800180435180664
12 0.00800180435180664
13 0.008002042770385742
14 0.0070018768310546875
15 0.00800180435180664
16 0.007001638412475586
17 0.00800180435180664
18 0.008002042770385742
19 0.008001565933227539
20 0.008002281188964844
21 0.00800180435180664
22 0.009002208709716797
23 0.007001638412475586
24 0.0069925785064697266
25 0.00800180435180664
26 0.008002042770385742
27 0.008002281188964844
28 0.008001327514648438
29 0.00800180435180664
30 0.008002042770385742
31 0.008002042770385742
32 0.008002519607543945
33 0.007001399993896484
34 0.007992982864379883
35 0.008002042770385742
36 0.00800180435180664
37 0.007001638412475586
38 0.007992982864379883
39 0.007992744445800781
40 0.00800180435180664
41 0.008002042770385742
42 0.008002281188964844
43 0.009002447128295898
44 0.008002042770385742
45 0.008002042770385742
46 0.007993221282958984
47 0.008002042770385742
48 0.00800180435180664
49 0.008002042770385742
50 0.007001399993896484
51 0.00800180435180664
52 0.008002519607543945
53 0.007001638412475586
54 0.008002042770385742
55 0.00800180435180664
56 0.007001638412475586
57 0.008001565933227539
58 0.007001399993896484
59 0.008002758026123047
60 0.008002042770385742
61 0.0070018768310546875
62 0.009001731872558594
63 0.00800180435180664
64 0.007001399993896484
65 0.00800180435180664
66 0.008002042770385742
67 0.007998943328857422
68 0.00800180435180664
69 0.008002042770385742
70 0.007992982864379883
71 0.008002042770385742
72 0.008002519607543945
73 0.008002281188964844
74 0.008001565933227539
75 0.00800180435180664
76 0.00800180435180664
77 0.007001638412475586
78 0.007001638412475586
79 0.007001638412475586
80 0.007001399993896484
81 0.007001399993896484
82 0.00800180435180664
83 0.008002519607543945
84 0.008002042770385742
85 0.008002042770385742
86 0.008001565933227539
