1 0.1940913200378418
2 0.14103055000305176
3 0.13503003120422363
4 0.1290283203125
5 0.13403010368347168
6 0.12802815437316895
7 0.1290276050567627
8 0.12802815437316895
9 0.1650376319885254
10 0.13903045654296875
11 0.13303017616271973
12 0.13102960586547852
13 0.131028413772583
14 0.13203048706054688
15 0.1310288906097412
16 0.14403176307678223
17 0.1360301971435547
18 0.13002896308898926
19 0.14803290367126465
20 0.13303017616271973
21 0.1310288906097412
22 0.16603851318359375
23 0.14803338050842285
24 0.1400313377380371
25 0.13202953338623047
26 0.13402962684631348
27 0.13202834129333496
28 0.15703582763671875
29 0.13103008270263672
30 0.13703012466430664
31 0.13102960586547852
32 0.13202977180480957
33 0.13302898406982422
34 0.13102960586547852
35 0.1690359115600586
36 0.13102984428405762
37 0.13002943992614746
38 0.13203024864196777
39 0.13102936744689941
40 0.14103150367736816
41 0.1310288906097412
42 0.13102936744689941
43 0.13102984428405762
44 0.1310286521911621
45 0.13102936744689941
46 0.13102960586547852
47 0.13503074645996094
48 0.18004059791564941
49 0.13202238082885742
50 0.13102960586547852
51 0.13202881813049316
52 0.131028413772583
53 0.13103032112121582
54 0.13002920150756836
55 0.13202929496765137
56 0.1290292739868164
57 0.13202905654907227
58 0.1310286521911621
59 0.13103008270263672
60 0.13202977180480957
61 0.16588425636291504
62 0.13002943992614746
63 0.13102960586547852
64 0.13102984428405762
65 0.1310291290283203
66 0.14103150367736816
67 0.13203001022338867
68 0.1290290355682373
69 0.1310291290283203
70 0.13002824783325195
71 0.13002872467041016
72 0.13103246688842773
73 0.1310288906097412
74 0.13102960586547852
75 0.17903923988342285
76 0.13202953338623047
77 0.15103411674499512
78 0.13002848625183105
79 0.13002920150756836
80 0.14103198051452637
81 0.15103435516357422
82 0.13102960586547852
83 0.1310286521911621
84 0.1310291290283203
85 0.1310288906097412
86 0.13202905654907227
