1 0.22165799140930176
2 0.007001161575317383
3 0.007001638412475586
4 0.00800180435180664
5 0.006999969482421875
6 0.0070018768310546875
7 0.007000923156738281
8 0.007001638412475586
9 0.0069980621337890625
10 0.007001161575317383
11 0.007001399993896484
12 0.007001161575317383
13 0.007001161575317383
14 0.006993770599365234
15 0.00800180435180664
16 0.00700068473815918
17 0.007001399993896484
18 0.007001161575317383
19 0.0070018768310546875
20 0.007001399993896484
21 0.007001399993896484
22 0.008999824523925781
23 0.00700068473815918
24 0.0070002079010009766
25 0.006992816925048828
26 0.0070018768310546875
27 0.008001565933227539
28 0.007001638412475586
29 0.007993221282958984
30 0.007001638412475586
31 0.007001161575317383
32 0.007001399993896484
33 0.007001638412475586
34 0.008000612258911133
35 0.007001161575317383
36 0.007001161575317383
37 0.007001161575317383
38 0.0070002079010009766
39 0.008000373840332031
40 0.00800013542175293
41 0.008001089096069336
42 0.007000923156738281
43 0.007999897003173828
44 0.007001399993896484
45 0.006991386413574219
46 0.0070002079010009766
47 0.007001638412475586
48 0.0069925785064697266
49 0.006999969482421875
50 0.007001638412475586
51 0.00700068473815918
52 0.008002758026123047
53 0.007001161575317383
54 0.007000923156738281
55 0.007998466491699219
56 0.007001161575317383
57 0.007001161575317383
58 0.007001638412475586
59 0.0070018768310546875
60 0.007000923156738281
61 0.007001399993896484
62 0.008000373840332031
63 0.007001638412475586
64 0.007001638412475586
65 0.006992816925048828
66 0.007001638412475586
67 0.008000373840332031
68 0.007001638412475586
69 0.007001638412475586
70 0.008010625839233398
71 0.008000850677490234
72 0.007001638412475586
73 0.007002115249633789
74 0.0070018768310546875
75 0.007001161575317383
76 0.008001565933227539
77 0.007000446319580078
78 0.007001399993896484
79 0.007001161575317383
80 0.007001399993896484
81 0.007001161575317383
82 0.00800180435180664
83 0.0070018768310546875
84 0.007991552352905273
85 0.007004499435424805
86 0.00800180435180664
